1,'01-01-1980 00:00:00',2,'en','437470700',18,1,75,166,'A2',,3,5,5,4,3,4,2,4,6,5,3,6,5,5,5,1,6,6,5,6,6,4,4,4,4
2,'01-01-1980 00:00:00',2,'en','1271751137',22,1,80,167,'A2',,2,4,5,1,2,4,4,4,6,6,5,4,3,5,3,2,3,5,4,6,6,2,5,4,3
3,'01-01-1980 00:00:00',2,'en','2082861491',21,1,58,172,'A2',,5,6,6,3,3,5,2,2,4,3,2,4,4,4,2,4,5,5,5,4,6,2,5,4,1
4,'01-01-1980 00:00:00',2,'en','1565692693',19,1,69,177,'A2',,3,4,5,2,2,5,2,2,5,5,3,4,3,2,3,2,3,4,4,5,5,5,4,3,3
5,'01-01-1980 00:00:00',2,'en','1669181159',22,2,74,178,'A2',,1,2,5,4,1,6,1,4,6,6,2,3,2,1,1,4,1,1,2,2,4,2,2,1,6
6,'01-01-1980 00:00:00',2,'en','234081557',21,1,67,169,'A2',,3,6,4,3,2,4,4,3,6,6,5,1,1,6,1,1,3,3,6,6,6,6,6,3,3
7,,1,'en','681631542',20,2,68,186,'A2',,,,,,,,,,,,,,,,,,,,,,,,,,
8,,,'en','468714826',,,,,,,,,,,,,,,,,,,,,,,,,,,,,,,
9,'01-01-1980 00:00:00',2,'en','1374861889',19,2,88,195,'A2',,2,5,4,3,2,3,2,4,4,5,3,5,4,5,4,2,5,3,5,5,5,5,5,5,2
10,'01-01-1980 00:00:00',2,'en','1941168043',21,2,84,181,'A2',,3,5,6,4,4,4,1,2,3,2,1,5,3,5,4,2,6,6,6,4,6,5,4,5,5
11,'01-01-1980 00:00:00',2,'en','995523903',22,1,54,164,'A3',,1,4,4,2,2,2,5,6,5,5,5,4,2,4,2,2,4,4,5,6,6,6,6,4,6
12,'01-01-1980 00:00:00',2,'en','1103583722',20,2,68,186,'A2',,6,1,2,1,1,1,3,6,6,6,6,1,2,1,1,6,6,4,6,6,6,6,6,6,6
13,,1,'en','1385222600',21,1,65,178,'A2',,,,,,,,,,,,,,,,,,,,,,,,,,
14,,,'en','11228988',,,,,,,,,,,,,,,,,,,,,,,,,,,,,,,
15,'01-01-1980 00:00:00',2,'en','1857264263',17,1,58,167,'A1',,2,3,3,3,2,2,4,4,5,6,6,2,1,5,3,2,3,2,2,6,6,4,5,4,6
16,,1,'en','1439697445',21,1,65,178,'A2',,,,,,,,,,,,,,,,,,,,,,,,,,
17,,1,'en','74545145',18,1,60,170,'A2',,,,,,,,,,,,,,,,,,,,,,,,,,
18,,1,'en','730256781',17,1,60,175,'A1',,,,,,,,,,,,,,,,,,,,,,,,,,
19,'01-01-1980 00:00:00',2,'en','1850678663',24,1,62,160,'A4',,1,1,6,2,2,3,4,6,6,6,4,5,1,2,2,1,2,3,3,6,6,6,5,6,6
20,'01-01-1980 00:00:00',2,'en','629516425',21,1,58,165,'A3',,1,2,5,2,1,2,5,6,6,6,4,1,2,2,1,1,2,3,2,6,4,3,4,6,6
21,'01-01-1980 00:00:00',2,'en','325074309',21,1,67,165,'A2',,2,3,5,2,3,3,4,4,4,4,3,5,4,5,3,4,2,2,3,6,6,5,5,6,4
22,'01-01-1980 00:00:00',2,'en','289263670',21,1,65,178,'A2',,3,3,5,1,2,3,3,4,5,4,4,4,1,5,1,3,4,4,5,6,6,6,6,5,4
23,'01-01-1980 00:00:00',2,'en','1633782948',18,1,65,168,'A2',,5,4,5,2,4,4,2,2,4,4,3,3,3,3,2,2,4,5,5,6,5,4,5,5,4
24,'01-01-1980 00:00:00',2,'en','370880158',23,1,66,169,'A2',,2,6,5,3,3,1,5,3,6,2,4,1,2,4,2,3,3,2,2,6,6,5,6,6,4
25,'01-01-1980 00:00:00',2,'en','1676922652',17,1,0,0,'A2',,1,4,4,1,1,2,1,1,6,6,6,1,1,3,1,1,1,1,1,6,6,3,5,6,5
26,'01-01-1980 00:00:00',2,'en','37942859',18,1,60,165,'A1',,2,3,4,3,3,3,5,5,5,5,4,3,2,4,1,2,4,3,4,6,6,5,5,6,4
27,,,'en','71463666',,,,,,,,,,,,,,,,,,,,,,,,,,,,,,,
28,'01-01-1980 00:00:00',2,'en','214206986',21,1,55,169,'A2',,2,2,6,1,3,2,3,6,5,5,3,6,5,6,6,2,5,5,4,5,6,4,6,4,4
29,'01-01-1980 00:00:00',2,'en','1973349349',19,1,62,170,'A2',,3,3,5,2,2,4,3,4,5,4,4,4,4,4,4,3,2,4,4,6,6,3,5,5,4
30,'01-01-1980 00:00:00',2,'en','1096134478',21,1,63,170,'A3',,3,5,6,2,2,5,2,4,5,4,2,5,4,6,5,4,5,5,4,4,5,5,5,4,2
31,'01-01-1980 00:00:00',2,'en','1837221344',20,1,58,168,'A2',,3,5,5,2,1,2,2,4,5,5,2,4,5,5,2,2,5,5,5,6,6,6,6,6,6
32,,,'en','1602419842',,,,,,,,,,,,,,,,,,,,,,,,,,,,,,,
33,'01-01-1980 00:00:00',2,'en','477959541',22,1,57,170,'A2',,4,1,3,1,1,3,3,5,5,5,4,5,2,2,2,3,3,3,4,6,6,3,6,6,2
34,'01-01-1980 00:00:00',2,'en','832107544',22,1,60,178,'A3',,4,6,6,5,2,5,2,4,5,4,4,3,4,4,6,1,5,6,5,4,4,3,4,3,3
35,'01-01-1980 00:00:00',2,'en','47587089',22,1,55,164,'A3',,2,5,5,4,2,4,2,3,5,3,4,6,3,6,4,5,4,4,4,3,5,3,2,3,5
36,'01-01-1980 00:00:00',2,'en','971643039',21,1,57,170,'A2',,3,3,3,2,2,3,4,3,4,4,4,4,2,5,2,2,1,1,2,6,6,5,5,6,5
37,'01-01-1980 00:00:00',2,'en','320166050',20,1,80,170,'A2',,2,3,5,3,3,3,5,6,5,4,5,5,3,4,1,3,3,3,4,6,6,5,6,3,2
38,'01-01-1980 00:00:00',2,'en','1584563988',22,2,74,179,'A3',,4,6,5,3,2,3,2,3,5,5,3,5,4,5,4,4,5,5,4,4,6,5,4,5,3
39,,0,'en','2036439237',26,1,63,171,'A3',,,,,,,,,,,,,,,,,,,,,,,,,,
40,,,'en','684789052',,,,,,,,,,,,,,,,,,,,,,,,,,,,,,,
41,,,'en','412483785',,,,,,,,,,,,,,,,,,,,,,,,,,,,,,,
42,'01-01-1980 00:00:00',2,'en','1780766507',21,1,68,168,'A3',,4,5,6,3,3,2,4,4,4,4,4,6,5,4,6,5,3,3,3,4,4,3,4,4,2
43,'01-01-1980 00:00:00',2,'en','440955417',22,1,65,165,'A3',,3,6,6,3,5,6,2,2,2,4,2,5,3,3,3,3,6,6,6,6,6,4,6,2,2
44,,,'en','1448322795',,,,,,,,,,,,,,,,,,,,,,,,,,,,,,,
45,'01-01-1980 00:00:00',2,'en','1328674091',21,1,68,167,'A3',,3,6,6,2,2,5,2,3,5,4,3,4,4,2,3,4,4,3,4,5,5,5,3,5,3
46,'01-01-1980 00:00:00',2,'en','523358075',21,1,63,176,'A3',,3,4,5,3,2,4,2,4,5,4,4,3,3,4,2,3,3,4,3,6,5,3,4,4,2
47,'01-01-1980 00:00:00',2,'en','873941576',21,1,74,176,'A3',,5,4,4,3,3,5,2,2,3,3,2,4,5,4,4,5,5,5,5,4,5,3,4,4,2
48,,1,'en','1147839761',23,1,60,163,'A3',,,,,,,,,,,,,,,,,,,,,,,,,,
49,'01-01-1980 00:00:00',2,'en','354417206',22,1,68,169,'A3',,2,3,4,2,2,2,3,5,5,5,3,3,2,4,2,3,2,3,3,5,5,5,4,4,2
50,'01-01-1980 00:00:00',2,'en','2115666582',23,1,55,158,'A2',,3,3,5,2,3,2,4,2,3,6,3,4,2,3,1,2,3,4,2,5,6,3,3,5,2
51,'01-01-1980 00:00:00',2,'en','2126357702',23,,51,161,'A2',,1,3,6,1,1,2,4,4,4,4,3,5,3,2,1,1,3,3,3,6,6,5,5,4,6
52,'01-01-1980 00:00:00',2,'en','864339658',23,1,75,167,'A3',,2,3,2,3,1,2,2,4,4,4,4,4,3,3,4,1,1,1,2,5,6,2,3,2,4
53,,1,'en','1955159294',21,1,64,168,'A2',,,,,,,,,,,,,,,,,,,,,,,,,,
54,,1,'en','464340769',20,1,55,158,'A2',,,,,,,,,,,,,,,,,,,,,,,,,,
55,,,'en','443563927',,,,,,,,,,,,,,,,,,,,,,,,,,,,,,,
56,,,'en','1249836156',,,,,,,,,,,,,,,,,,,,,,,,,,,,,,,
57,,,'en','705436757',,,,,,,,,,,,,,,,,,,,,,,,,,,,,,,
58,'01-01-1980 00:00:00',2,'en','1523350618',20,1,55,168,'A3',,3,4,5,3,3,3,2,4,3,4,4,3,3,3,2,3,2,4,5,4,4,4,6,3,2
59,'01-01-1980 00:00:00',2,'en','914073782',22,1,60,160,'A3',,3,6,6,2,2,6,2,2,5,6,5,5,3,5,3,3,6,6,6,6,5,3,4,4,1
60,'01-01-1980 00:00:00',2,'en','915305183',22,2,62,174,'A2',,5,6,6,5,1,5,1,2,4,3,2,3,4,4,2,3,4,3,4,4,4,4,4,5,1
61,'01-01-1980 00:00:00',2,'en','478221091',20,1,51,163,'A2',,2,3,6,1,3,1,4,6,6,6,5,5,3,5,1,3,2,2,3,6,6,4,4,6,4
62,,,'en','378902449',,,,,,,,,,,,,,,,,,,,,,,,,,,,,,,
63,,,'en','482861511',,,,,,,,,,,,,,,,,,,,,,,,,,,,,,,
64,'01-01-1980 00:00:00',2,'en','1636541078',24,1,55,157,'A2',,6,6,6,3,1,3,2,3,4,2,2,1,4,6,4,1,5,6,6,4,4,5,4,4,3
65,,1,'en','640398734',21,1,70,178,'A2',,,,,,,,,,,,,,,,,,,,,,,,,,
66,'01-01-1980 00:00:00',2,'en','535320334',24,1,75,170,'A3',,3,6,6,3,1,3,3,4,5,5,4,4,3,3,2,3,2,5,4,5,6,5,5,4,2
67,,1,'en','804016231',23,1,68,160,'A2',,,,,,,,,,,,,,,,,,,,,,,,,,
68,'01-01-1980 00:00:00',2,'en','1090971643',22,1,89,172,'A2',,4,6,6,5,4,5,2,2,4,5,2,5,4,5,5,4,4,4,4,5,5,4,3,4,3
69,'01-01-1980 00:00:00',2,'en','1380052606',22,1,58,162,'A3',,6,6,6,5,5,5,2,2,3,2,2,6,5,6,3,4,5,5,5,5,6,2,2,4,3
70,,,'en','1038901692',,,,,,,,,,,,,,,,,,,,,,,,,,,,,,,
71,'01-01-1980 00:00:00',2,'en','719525241',22,1,78,168,'A2',,5,6,6,4,2,4,2,3,4,4,4,6,4,6,6,4,2,3,4,4,4,2,6,2,2
72,'01-01-1980 00:00:00',2,'en','250374695',22,1,63,169,'A2',,2,4,5,3,1,4,3,3,5,4,4,3,2,3,1,2,3,5,3,5,5,4,4,4,3
73,'01-01-1980 00:00:00',2,'en','35983084',21,1,56,172,'A2',,4,5,5,1,2,5,3,5,4,3,4,6,5,6,5,6,4,5,4,6,5,2,6,3,2
74,'01-01-1980 00:00:00',2,'en','1511106427',24,2,115,178,'A3',,3,5,5,4,2,2,3,3,3,5,4,5,5,5,2,5,3,4,4,6,6,3,5,6,5
75,'01-01-1980 00:00:00',2,'en','602635087',24,1,62,166,'-oth-','Abitur',2,2,6,2,1,4,3,4,6,6,5,3,2,1,3,1,2,2,2,5,3,4,6,3,4
76,'01-01-1980 00:00:00',2,'en','888861734',22,1,56,167,'A2',,3,4,4,3,3,3,3,3,6,5,3,4,2,4,3,4,3,2,2,5,5,5,6,5,4
77,'01-01-1980 00:00:00',2,'en','1998711875',20,1,55,165,'A2',,3,5,6,2,2,5,2,3,4,4,4,3,3,3,2,3,3,4,3,5,4,2,4,4,2
78,'01-01-1980 00:00:00',2,'en','994748487',21,1,55,163,'A2',,3,2,3,3,2,2,5,5,5,5,4,4,2,3,2,4,3,3,3,6,5,4,5,6,4
